Lamda	Re.Total
380	0.001514332
381	0.001931366
382	0.001782642
383	0.001995194
384	0.002003721
385	0.0018324
386	0.001605555
387	0.001686743
388	0.00177181
389	0.001802369
390	0.0016694
391	0.001664968
392	0.001764309
393	0.001699395
394	0.002039863
395	0.002149158
396	0.002055269
397	0.002212977
398	0.002415342
399	0.002483523
400	0.002570349
401	0.002584252
402	0.002806884
403	0.002911674
404	0.003166203
405	0.003242732
406	0.003646827
407	0.003998009
408	0.004259363
409	0.004589493
410	0.005114951
411	0.005628654
412	0.00627269
413	0.006799169
414	0.007665544
415	0.008609873
416	0.009672429
417	0.010678359
418	0.012376684
419	0.013720632
420	0.015512255
421	0.017505692
422	0.020033287
423	0.022566459
424	0.025209413
425	0.028584975
426	0.031898208
427	0.035622298
428	0.040004887
429	0.044650778
430	0.049629478
431	0.055041678
432	0.060940656
433	0.06726717
434	0.074323567
435	0.081628282
436	0.089605687
437	0.097958056
438	0.106464945
439	0.116357462
440	0.12621505
441	0.136957163
442	0.148143597
443	0.160007454
444	0.172531193
445	0.186357737
446	0.200955482
447	0.216753903
448	0.234515157
449	0.253942826
450	0.275182894
451	0.299115358
452	0.325152962
453	0.354207468
454	0.386254242
455	0.419873285
456	0.456177968
457	0.494809721
458	0.532834993
459	0.573174909
460	0.610314557
461	0.647442233
462	0.680884452
463	0.710771916
464	0.734738187
465	0.75466505
466	0.767714453
467	0.77346265
468	0.778407221
469	0.772463478
470	0.763208918
471	0.748439058
472	0.729409612
473	0.704621187
474	0.679485946
475	0.654065626
476	0.62625497
477	0.598174725
478	0.571706521
479	0.545525332
480	0.519758203
481	0.494709033
482	0.469880106
483	0.447864233
484	0.427660092
485	0.406421608
486	0.388528863
487	0.371319426
488	0.355763737
489	0.340604646
490	0.328529649
491	0.316857435
492	0.306787752
493	0.299041615
494	0.291223407
495	0.286105358
496	0.282331652
497	0.280417426
498	0.278645339
499	0.278686655
500	0.28019621
501	0.28275206
502	0.286878074
503	0.291892946
504	0.298957275
505	0.306668088
506	0.315575724
507	0.326082343
508	0.337467782
509	0.349871632
510	0.362626428
511	0.376830193
512	0.391738194
513	0.406774882
514	0.422026319
515	0.437552569
516	0.452525576
517	0.467171233
518	0.481337123
519	0.49513135
520	0.507771951
521	0.518640724
522	0.52828842
523	0.536263282
524	0.54275396
525	0.548450237
526	0.551251953
527	0.552692402
528	0.553961846
529	0.553730162
530	0.552440461
531	0.549572847
532	0.546729994
533	0.543411665
534	0.539172493
535	0.534870796
536	0.530700752
537	0.525928659
538	0.522037779
539	0.517866907
540	0.514286616
541	0.510174264
542	0.506870475
543	0.503463815
544	0.500340149
545	0.497267676
546	0.49480515
547	0.492572156
548	0.490294479
549	0.489069882
550	0.487445764
551	0.486608118
552	0.484980927
553	0.484969646
554	0.484489609
555	0.484506787
556	0.485108983
557	0.485737165
558	0.486476928
559	0.487782416
560	0.489607202
561	0.491103559
562	0.493362961
563	0.495640605
564	0.498365033
565	0.500830011
566	0.503205654
567	0.506252704
568	0.509916434
569	0.513244435
570	0.516487767
571	0.520134804
572	0.523809709
573	0.528025059
574	0.531704604
575	0.535444493
576	0.539526491
577	0.543259729
578	0.547652398
579	0.551359568
580	0.555659995
581	0.559102912
582	0.56284721
583	0.567111325
584	0.570191352
585	0.573770151
586	0.577660035
587	0.581156728
588	0.584185296
589	0.587587908
590	0.590588799
591	0.593817261
592	0.596051244
593	0.598871774
594	0.601309544
595	0.603563653
596	0.605747442
597	0.607483674
598	0.608674039
599	0.610784951
600	0.612093014
601	0.612994543
602	0.613678243
603	0.615419206
604	0.615968647
605	0.615652762
606	0.616021243
607	0.614998117
608	0.615469617
609	0.61529479
610	0.614891353
611	0.6137315
612	0.613021507
613	0.611079977
614	0.609062577
615	0.608048751
616	0.605886116
617	0.604457137
618	0.602014096
619	0.599394549
620	0.596670238
621	0.594461455
622	0.591887635
623	0.588639315
624	0.585241419
625	0.58335961
626	0.580755375
627	0.57768511
628	0.573970177
629	0.570803535
630	0.567542283
631	0.563044281
632	0.560761247
633	0.557237499
634	0.555073653
635	0.553178295
636	0.55537488
637	0.556082467
638	0.559202421
639	0.561569431
640	0.563502313
641	0.564097144
642	0.564276821
643	0.566132893
644	0.568156711
645	0.572263768
646	0.577021656
647	0.58344701
648	0.590041171
649	0.59722464
650	0.604527186
651	0.613934565
652	0.622668015
653	0.632345472
654	0.643271916
655	0.655436702
656	0.668674215
657	0.684826465
658	0.701150449
659	0.72064244
660	0.744199679
661	0.76994425
662	0.796856224
663	0.825525328
664	0.854760521
665	0.885937225
666	0.915265197
667	0.942431533
668	0.968805414
669	0.992041603
670	1
671	0.991578044
672	0.957809313
673	0.90340029
674	0.831234761
675	0.748201721
676	0.668063879
677	0.594025263
678	0.529489834
679	0.473830303
680	0.42867925
681	0.388992124
682	0.355334084
683	0.327130381
684	0.304125883
685	0.281791582
686	0.264388326
687	0.248266756
688	0.233729249
689	0.22007486
690	0.20952974
691	0.199153174
692	0.191223163
693	0.182382433
694	0.174000594
695	0.168709263
696	0.162746978
697	0.157006023
698	0.151255286
699	0.146745612
700	0.142378848
701	0.137687432
702	0.133338168
703	0.128954276
704	0.125463928
705	0.121380068
706	0.118304038
707	0.11420043
708	0.110748178
709	0.108154073
710	0.104696253
711	0.102210348
712	0.098668858
713	0.09625549
714	0.093403007
715	0.090957679
716	0.08814694
717	0.085582452
718	0.083366326
719	0.081520927
720	0.078820301
721	0.076977922
722	0.074853399
723	0.0725217
724	0.070206474
725	0.068431001
726	0.066563045
727	0.064642186
728	0.063057332
729	0.061124802
730	0.060187874
731	0.057981448
732	0.056932824
733	0.054296552
734	0.053602991
735	0.051896281
736	0.050385297
737	0.048756317
738	0.047881193
739	0.046188971
740	0.044650338
741	0.042916097
742	0.043104973
743	0.041521003
744	0.040460174
745	0.038816361
746	0.038243386
747	0.037591593
748	0.036110551
749	0.035676864
750	0.034746381
751	0.032775128
752	0.032298502
753	0.032069174
754	0.031054418
755	0.029759241
756	0.030033129
757	0.029404545
758	0.026975504
759	0.02618615
760	0.02658903
761	0.026388187
762	0.024936454
763	0.024035981
764	0.025568612
765	0.02440607
766	0.021927441
767	0.021699188
768	0.022208005
769	0.019908278
770	0.020601169
771	0.019909935
772	0.018839459
773	0.019454435
774	0.019093988
775	0.018473761
776	0.017454359
777	0.018057678
778	0.016661679
779	0.017230555
780	0.016774357
